$ANSIBLE_VAULT;1.1;AES256
66616362376332313362643232383966643638663134376535343664613734633338613635626366
3038363338366638316366636162303437666661313962620a646135356331643831386530313234
38366263326234663236616631346232643338623130386233366533616637333238333264333331
3337633831663633360a383863623661303765636430633839636662333732393035383465383262
38303235386561636661346430396664323732663266303733303038623031366337653561316436
65323836623463366465653166316361636633336332636634633239343839313931326464343630
30353436633366323264633436333038306338383233656333346231633266633664323562613435
61626231376162646339666237383930323937346539653734346233363765653866333537323439
31666138353537633032366230396230326135646661636364663434613735323537613631393731
38656632663466316434383137653138646539656161663233333933336338623063663139666235
30626337666562396636396339303066353931633135613230313063306561323436653335393937
66623566363833636639333437376661356462306566313934333136643763653137646663363431
3232
